%YAML:1.0 # need to specify the file type at the top!

cam0:
  T_cam_imu:
    - [-0.0053600411646626545, 0.9999461015238621, 0.008891794303943995, 0.04100286329187582]
    - [-0.9999856336827763, -0.005359394837462894, -9.651441920256135e-05, 0.07304917019788995]
    - [-4.8854580734102385e-05, -0.008892183882866243, 0.9999604625579073, -0.04359665627818204]
    - [0.0, 0.0, 0.0, 1.0]
  cam_overlaps: []
  camera_model: pinhole
  distortion_coeffs: [0.04448508082846792, -0.14247417421674965, 0.0005530352560408948, 0.0016237128938013073]
  distortion_model: radtan
  intrinsics: [805.4006588503456, 805.1064491133988, 622.2145794513791, 381.27431259323475]
  resolution: [1280, 720]
  rostopic: /left_mono_publisher/left/image
  timeshift_cam_imu: 0.014371539727546831