%YAML:1.0 # need to specify the file type at the top!

cam0:
  T_cam_imu:
    - [-0.0053600411646626545, 0.9999461015238621, 0.008891794303943995, 0.04100286329187582]
    - [-0.9999856336827763, -0.005359394837462894, -9.651441920256135e-05, 0.07304917019788995]
    - [-4.8854580734102385e-05, -0.008892183882866243, 0.9999604625579073, -0.04359665627818204]
    - [0.0, 0.0, 0.0, 1.0]
  cam_overlaps: []
  camera_model: pinhole
  distortion_coeffs: [-0.00577655088204811, -0.027794782135867502, -4.9513962583470145e-06, 0.0002737232388071841]
  distortion_model: radtan
  intrinsics: [403.86338302629787, 403.1422318329165, 310.28704509151055, 207.93308147271227]
  resolution: [640, 400]
  rostopic: /left_mono_publisher/left/image
  timeshift_cam_imu: 0.014371539727546831