%YAML:1.0 # need to specify the file type at the top!

imu0:
  T_i_b:
    - [1.0, 0.0, 0.0, 0.0]
    - [0.0, 1.0, 0.0, 0.0]
    - [0.0, 0.0, 1.0, 0.0]
    - [0.0, 0.0, 0.0, 1.0]
  accelerometer_noise_density: 0.0005790356884585517
  accelerometer_random_walk: 0.00010353507324019927
  gyroscope_noise_density: 0.00012045745392329651
  gyroscope_random_walk: 3.0573956687047137e-06
  model: calibrated
  rostopic: /imu/data
  time_offset: 0.0
  update_rate: 250.0